0.1,0.5,1,0.55,0.75,1.15,1.11,1.22,1.5
0.5,0.1,0.5,0.75,0.55,0.75,1.22,1.11,1.22
1,0.5,0.1,1.15,0.75,0.55,1.5,1.22,1.11
0.55,0.75,1.15,0.1,0.51,1.02,0.56,0.76,1.17
0.75,0.55,0.75,0.51,0.1,0.51,0.76,0.56,0.76
1.15,0.75,0.55,1.02,0.51,0.1,1.17,0.76,0.56
1.11,1.22,1.5,0.56,0.76,1.17,0.1,0.52,1.03
1.22,1.11,1.22,0.76,0.56,0.76,0.52,0.1,0.51
1.5,1.22,1.11,1.17,0.76,0.56,1.03,0.51,0.1
